9	24	11
4	21	12
8	32	12
10	46	13
11	25	13
10	38	11
12	54	5
2	0	5
11	51	4
10	14	9
8	7	13
3	38	6
8	8	7
11	21	12
7	7	12
11	28	0
6	7	3
12	14	9
9	18	11
12	12	7
4	4	12
0	54	11
0	37	11
5	32	11
12	20	9
11	19	3
4	42	2
2	25	11
12	27	10
11	54	9
5	28	0
9	7	6
12	3	5
7	14	10
7	8	4
4	14	0
10	14	3
1	38	11
11	37	12
4	40	11
0	20	11
6	7	2
6	18	2
7	14	9
5	7	3
3	8	10
2	1	12
0	14	10
8	13	12
4	20	12
11	30	10
6	46	9
6	50	12
0	20	5
13	34	10
3	21	4
7	18	12
9	6	3
12	27	4
5	20	6
6	38	9
1	30	2
12	21	0
5	0	2
10	16	12
4	39	11
6	44	2
12	29	13
10	33	6
12	25	5
12	19	9
9	54	5
10	47	13
0	27	9
11	47	7
9	27	12
11	27	7
12	27	5
2	34	4
9	32	11
5	45	13
10	14	2
4	25	12
4	14	2
13	21	12
2	46	11
9	54	10
4	54	12
11	19	10
13	45	4
5	7	9
3	28	11
8	21	4
8	46	7
6	33	13
4	45	9
0	45	3
6	9	5
11	7	8
12	21	9
4	8	6
12	12	8
11	36	4
7	7	10
3	19	10
7	54	11
5	39	11
11	20	9
12	47	9
10	6	12
11	34	5
12	14	6
12	49	4
13	32	11
5	8	8
2	28	11
7	39	11
3	9	12
11	38	12
3	14	4
2	23	12
6	4	12
10	27	12
10	0	2
11	8	9
12	17	5
4	8	8
5	9	10
2	4	11
9	37	11
11	47	13
2	38	9
13	38	12
7	7	13
13	5	11
3	7	1
0	45	5
7	27	9
10	9	3
4	38	7
11	51	3
6	18	12
11	34	8
13	0	7
10	14	5
2	39	5
7	21	9
11	9	3
3	3	12
4	19	10
7	3	12
3	38	0
8	26	7
9	20	11
9	19	8
11	7	1
13	33	11
12	45	4
5	45	9
9	14	1
3	24	13
7	48	11
0	20	4
11	51	0
6	7	11
1	7	9
13	28	9
12	19	4
0	9	3
8	47	4
5	27	11
12	7	5
13	21	9
12	14	8
11	54	8
1	39	5
4	18	10
13	14	1
2	19	3
2	6	11
0	45	11
12	39	7
12	34	0
2	7	8
11	45	7
12	40	11
10	39	9
12	41	7
2	8	13
12	45	11
8	0	7
13	9	1
9	49	5
8	39	7
10	3	11
12	30	1
9	45	10
3	14	2
0	28	12
6	26	12
8	39	3
1	33	7
13	33	9
13	47	10
13	20	10
1	9	12
8	7	10
12	19	13
8	38	5
6	33	10
11	41	5
4	21	9
11	19	12
10	13	12
11	27	4
12	38	9
13	41	5
10	7	1
2	45	10
4	26	12
10	54	12
12	19	3
0	20	12
3	21	7
2	25	13
9	6	10
11	31	10
13	14	11
10	27	0
5	50	6
0	27	3
1	9	11
3	28	10
8	41	4
11	45	5
12	20	11
11	6	10
11	48	7
12	14	13
13	38	9
8	48	4
12	20	5
6	14	12
4	51	7
5	38	11
9	7	7
1	14	5
5	14	3
12	9	3
12	17	11
5	20	0
11	28	7
13	33	2
0	15	12
13	19	10
1	38	0
12	14	4
3	18	2
9	21	10
12	45	2
6	33	12
12	34	5
11	20	12
10	6	0
11	27	5
3	42	12
8	45	4
2	28	9
9	19	12
6	38	10
12	9	0
4	42	13
5	40	12
11	51	5
2	24	3
2	25	5
7	42	11
0	20	9
1	21	0
8	40	4
11	27	0
13	33	4
3	9	11
6	14	2
3	39	4
10	42	12
3	38	11
6	7	13
13	9	0
13	14	2
13	33	10
2	7	1
13	28	7
12	21	3
10	28	5
11	48	12
1	37	13
10	8	2
6	29	3
8	9	4
5	7	11
2	7	4
1	33	12
11	14	13
2	21	11
12	36	5
4	45	8
10	21	5
3	45	13
5	25	2
13	27	10
6	25	9
12	17	0
3	3	0
7	51	3
0	9	13
4	21	0
5	21	11
6	38	5
13	49	10
13	49	11
5	49	9
12	19	0
5	51	10
7	20	11
12	4	3
6	33	1
4	20	9
12	30	5
1	7	13
11	3	13
2	45	12
10	45	4
0	39	12
2	11	12
9	19	11
9	20	0
11	17	0
12	11	2
5	18	13
5	9	1
5	46	2
11	14	8
13	3	5
2	32	12
7	27	12
13	28	11
13	7	7
9	44	12
0	9	12
13	7	8
13	5	12
13	30	2
0	45	2
11	12	8
11	17	12
13	24	10
12	39	11
11	14	7
10	14	4
9	4	12
4	27	9
3	21	9
5	2	6
11	20	10
7	14	13
3	19	2
9	47	11
8	38	9
0	18	11
0	3	2
8	39	9
6	7	12
11	30	13
11	42	13
11	54	13
12	9	10
4	0	12
6	3	12
3	54	9
9	54	4
7	51	10
10	21	13
10	14	1
7	27	11
12	15	11
6	33	9
6	8	8
1	9	13
13	8	2
11	54	12
10	45	0
8	38	6
7	20	9
13	6	12
13	21	10
9	54	3
0	38	12
8	39	5
7	26	8
4	39	12
2	21	3
11	19	4
13	42	10
11	31	3
7	38	11
0	45	13
0	21	5
9	39	12
4	33	5
0	4	11
4	37	12
3	6	9
2	31	5
10	33	8
6	20	0
12	38	11
1	18	6
4	28	11
12	54	8
5	38	12
10	9	0
2	19	13
1	3	13
10	19	4
11	7	5
0	45	12
5	21	7
8	44	12
3	19	9
6	21	0
10	7	8
2	28	12
9	24	12
11	31	4
9	45	11
9	49	11
11	7	6
0	32	11
13	19	9
10	10	13
3	27	9
5	54	9
11	6	13
2	0	6
4	39	5
2	33	6
9	21	4
5	38	9
11	41	12
2	31	13
2	7	7
4	54	9
6	21	4
6	52	2
1	39	6
10	0	12
7	54	9
10	15	12
3	21	5
12	14	1
11	21	10
13	1	12
13	3	12
11	6	3
13	28	4
11	28	9
12	3	4
3	18	13
5	26	12
8	14	5
9	28	0
11	51	7
6	9	12
13	25	12
12	47	13
6	0	12
10	19	0
11	9	9
0	42	7
13	42	9
4	10	11
9	42	12
8	49	11
13	14	12
7	38	12
13	28	0
11	51	9
2	4	12
10	49	13
5	18	11
13	42	2
9	20	5
6	39	9
11	28	12
13	54	7
4	42	0
0	6	10
8	28	4
3	39	0
5	27	12
3	14	10
12	51	11
2	33	3
4	45	2
7	37	11
13	37	3
4	32	11
10	20	5
4	27	11
0	38	9
7	14	1
13	8	10
0	14	4
0	33	11
0	19	12
4	37	5
1	33	11
11	27	9
8	28	0
11	45	0
10	14	6
4	27	12
4	9	8
8	11	7
10	27	7
13	54	11
13	31	12
10	39	11
13	38	10
11	13	12
10	33	4
10	37	11
0	33	6
5	10	11
11	3	2
3	19	13
7	18	9
13	14	3
2	19	12
5	0	11
2	33	11
3	28	5
11	15	12
13	21	11
12	25	3
6	28	12
5	25	12
6	30	13
5	14	8
11	14	0
10	54	7
1	54	9
6	9	1
3	54	12
7	42	12
6	11	11
10	4	13
3	0	12
9	51	11
1	7	2
10	28	12
7	51	5
0	14	5
7	32	12
1	37	2
2	49	4
4	24	8
0	9	5
11	47	9
1	8	5
7	49	12
8	18	5
4	46	7
1	38	5
2	30	3
1	18	2
9	21	5
5	39	0
11	7	4
5	20	11
7	31	8
0	3	3
9	7	4
2	52	5
4	3	13
4	18	2
3	42	6
0	28	11
6	33	8
10	33	1
5	7	0
13	30	11
6	32	9
1	4	11
6	9	11
3	35	12
3	39	11
12	41	9
0	45	9
6	28	4
13	20	9
5	27	10
0	40	12
1	39	12
5	52	2
1	46	12
3	33	7
7	14	11
1	21	4
13	0	2
7	11	8
2	47	13
1	38	8
8	40	12
4	45	10
11	36	1
11	49	12
3	45	12
13	28	5
9	30	12
1	38	10
11	37	9
9	7	8
7	54	10
5	21	12
13	3	4
6	25	3
5	45	2
10	4	12
12	39	9
5	14	0
9	4	13
10	25	12
5	28	11
3	39	5
8	54	12
4	20	6
12	3	3
9	32	12
6	20	12
7	47	11
11	54	10
4	28	5
11	44	12
11	47	12
10	38	7
4	28	7
13	33	5
11	42	12
0	33	13
11	4	13
6	33	3
2	39	9
2	19	9
12	34	8
12	12	0
11	49	5
12	21	5
8	7	9
11	38	9
12	7	6
11	46	4
4	18	13
0	28	5
9	14	7
0	38	7
11	20	3
0	33	12
4	39	0
12	25	2
7	38	5
0	6	3
0	27	5
6	39	10
3	20	9
10	51	5
1	7	11
10	7	4
5	38	7
12	24	0
8	33	4
2	31	6
12	28	10
9	21	12
2	28	10
9	3	2
5	13	12
3	30	13
5	8	7
1	39	3
7	45	12
11	27	13
10	4	11
7	28	11
11	20	6
6	10	9
3	25	12
5	27	0
11	36	0
5	9	12
9	14	11
5	14	9
12	14	5
0	27	11
4	19	11
2	39	7
10	44	12
11	17	4
12	47	7
10	42	2
11	14	5
3	45	11
2	45	13
11	14	4
12	20	10
12	27	11
3	9	13
3	49	11
11	47	8
3	19	4
9	8	0
12	49	9
4	14	12
12	37	11
12	41	8
3	38	9
7	23	8
12	28	7
12	47	5
13	28	10
11	45	2
4	14	10
3	14	9
10	9	13
10	21	9
2	39	13
12	6	2
10	3	0
11	54	7
9	35	12
2	7	5
2	19	0
7	39	0
9	27	7
13	45	12
13	49	9
11	47	4
9	3	10
13	49	12
13	0	12
12	7	8
6	14	10
5	45	10
12	8	9
12	26	3
10	33	7
13	45	5
11	29	12
5	31	7
1	8	8
9	46	6
6	30	10
11	8	0
10	21	12
5	39	7
9	51	13
1	7	12
1	39	11
8	37	5
2	21	10
8	33	13
0	25	2
5	4	11
6	4	11
4	33	11
5	21	9
8	3	12
9	19	13
10	42	9
0	39	11
8	38	1
10	3	9
13	9	6
9	9	11
10	14	11
13	9	11
2	19	11
5	49	11
13	48	10
7	20	12
9	48	12
6	33	0
7	39	10
10	38	13
0	21	3
3	39	10
12	49	13
11	35	12
0	14	13
0	8	9
0	39	9
0	45	4
9	27	13
10	18	13
1	28	0
11	26	13
9	41	7
11	41	13
13	21	5
1	54	11
4	44	12
6	37	2
5	54	11
8	52	7
13	4	10
4	14	9
13	33	6
12	39	5
11	9	10
0	8	12
12	4	9
6	38	7
9	40	12
3	9	5
7	51	11
3	33	13
6	37	12
0	19	2
12	3	8
0	19	4
4	49	11
6	5	12
12	36	11
13	34	5
6	38	4
7	38	4
2	30	4
6	37	13
13	3	8
3	42	5
2	49	6
0	14	12
9	54	1
6	8	5
7	4	11
8	31	7
2	39	10
13	24	3
13	45	10
0	42	11
0	4	12
5	28	12
12	9	9
13	19	0
4	54	7
2	49	10
12	3	7
1	14	10
0	19	11
10	20	0
10	33	2
9	21	7
6	7	0
9	19	4
2	3	0
13	12	3
8	44	4
12	12	5
12	4	13
6	37	9
4	28	10
2	29	12
10	51	9
6	50	2
9	21	11
1	9	6
0	18	9
12	25	13
10	6	11
7	3	13
0	21	11
1	21	5
10	45	5
1	39	0
12	7	4
5	28	10
12	48	11
0	42	13
6	14	5
9	39	11
3	7	6
11	49	10
13	6	9
4	49	12
7	8	6
0	27	4
12	45	5
12	3	2
4	7	2
11	20	5
0	13	12
0	14	9
9	36	12
2	53	5
12	25	6
13	39	5
12	52	2
10	33	11
9	17	12
12	9	11
10	51	11
11	36	9
4	45	12
2	26	11
12	44	11
2	39	0
9	18	12
9	27	4
7	22	8
3	38	5
4	18	5
13	38	11
11	36	12
10	9	11
2	8	3
2	14	10
12	45	13
12	30	13
5	8	6
3	42	4
9	15	12
2	0	12
7	27	10
3	45	9
0	24	12
5	51	13
11	23	6
13	38	7
5	9	11
12	24	7
13	8	3
0	6	2
10	9	12
8	23	7
4	14	5
3	27	0
5	21	6
2	37	11
2	33	10
13	51	5
5	3	12
3	21	12
6	25	12
9	19	2
5	31	12
9	54	7
9	14	4
5	45	12
3	8	2
12	34	4
9	45	2
0	51	7
5	39	9
0	20	6
10	21	11
2	34	6
5	27	7
2	45	11
5	28	9
7	30	11
7	51	4
11	20	0
12	26	6
6	38	12
13	54	12
2	8	10
9	48	7
8	25	7
11	54	5
13	4	11
12	48	9
11	47	5
13	9	10
13	25	11
4	42	6
1	30	5
2	12	6
13	39	7
12	20	7
12	24	5
11	41	7
11	17	1
4	54	11
11	24	12
11	14	6
7	51	13
7	20	10
5	32	12
5	20	10
12	23	2
12	36	0
4	19	3
2	38	10
13	50	12
1	37	5
3	20	12
1	46	11
4	38	12
6	28	0
10	26	12
4	33	10
10	20	13
3	54	11
6	28	11
8	7	3
10	45	3
8	38	7
5	7	13
4	42	3
7	15	12
11	3	10
4	45	5
2	33	13
12	20	3
3	33	6
0	7	1
4	42	5
0	37	12
3	6	12
5	27	4
13	9	3
1	28	9
10	14	12
5	30	1
0	27	10
1	37	6
0	20	7
10	7	5
5	40	11
7	38	10
9	49	10
10	24	13
9	41	11
4	27	7
10	45	2
13	3	0
13	41	10
2	14	5
12	20	6
9	27	3
2	6	12
8	38	12
12	49	7
6	20	9
0	47	12
9	28	7
11	41	8
12	17	2
10	39	13
2	19	8
2	5	13
4	37	13
4	19	13
2	28	0
8	33	11
13	29	12
6	21	5
13	20	11
4	33	3
12	5	13
12	27	13
7	0	8
2	39	4
7	8	1
11	32	13
4	42	12
8	7	2
11	36	2
2	13	12
11	28	10
4	25	11
10	49	9
3	15	12
12	47	0
12	8	0
4	42	7
9	20	13
7	27	5
7	45	11
6	32	11
2	0	13
1	7	3
7	37	12
5	29	12
2	19	10
6	29	5
10	20	12
7	27	4
11	39	9
13	7	5
4	33	2
7	38	9
5	45	11
8	10	11
11	19	2
11	14	1
3	37	2
5	54	12
7	44	12
12	14	10
8	14	4
5	51	7
10	22	13
5	28	7
1	33	5
4	32	12
3	51	7
12	30	4
9	27	10
7	28	5
5	42	11
1	18	11
9	45	3
3	39	9
7	4	12
4	38	11
7	21	5
7	7	2
6	14	0
11	7	7
11	27	12
5	44	11
6	14	13
1	39	9
0	7	4
12	25	10
11	54	4
6	3	13
12	17	9
11	18	9
12	54	10
5	7	12
12	27	7
0	3	13
5	3	13
5	24	12
9	49	13
13	3	6
9	54	13
6	33	2
2	14	13
0	51	11
2	25	6
11	30	12
3	51	11
12	37	5
2	32	11
8	39	1
10	9	5
0	8	11
10	32	12
1	28	12
1	4	12
3	9	0
13	19	12
13	51	7
12	26	13
11	49	8
0	42	9
11	17	5
4	45	3
6	38	0
8	7	11
11	19	8
10	38	5
3	33	9
10	6	9
7	51	0
10	21	4
10	39	12
12	19	8
9	4	11
0	39	5
7	35	12
4	39	7
3	14	7
13	26	12
4	7	9
6	39	0
10	27	9
9	45	4
9	37	12
12	34	7
1	7	10
0	29	12
0	32	12
3	49	12
12	49	3
9	9	12
13	20	12
3	7	7
3	38	12
12	8	11
4	19	8
6	29	2
12	0	13
9	17	11
4	21	5
11	49	13
12	3	6
7	48	12
10	19	3
6	33	5
4	44	11
10	31	12
6	38	1
0	19	3
8	28	7
3	18	11
8	7	0
8	54	9
10	8	3
6	14	9
2	3	12
4	20	11
6	8	7
11	14	2
2	33	9
13	7	6
3	38	10
12	20	0
2	6	9
2	21	4
12	21	11
12	38	0
12	24	6
6	20	5
10	19	9
8	39	11
0	27	12
11	46	2
10	21	0
1	14	11
9	51	7
7	27	0
3	5	11
12	39	0
9	27	0
3	14	13
12	49	5
13	19	11
2	21	9
2	28	7
9	20	7
3	19	0
7	7	11
2	14	9
5	39	12
4	16	11
9	3	13
11	51	1
8	38	13
10	45	12
4	33	13
13	19	3
13	29	11
2	49	3
4	42	8
4	37	2
12	9	13
5	20	9
5	27	9
9	14	6
12	31	6
6	21	12
11	51	10
11	45	9
4	38	9
12	7	7
12	54	4
10	39	5
13	12	5
5	30	13
13	25	2
8	38	0
11	54	0
7	40	12
12	21	4
1	8	6
1	51	11
0	3	10
4	43	11
4	39	10
12	12	4
12	29	3
10	7	6
11	46	1
6	38	11
5	29	6
13	33	3
0	38	11
2	3	11
6	14	8
6	20	4
7	28	9
8	39	10
11	49	7
11	25	6
4	33	6
5	20	12
6	28	7
8	8	5
13	33	1
11	41	4
0	6	13
12	47	8
9	54	0
10	14	8
8	28	5
2	52	12
11	48	13
9	21	0
10	49	11
9	19	3
9	45	5
11	45	10
6	7	10
0	33	10
10	3	12
13	6	0
0	19	13
6	29	12
11	53	6
0	54	9
7	21	11
13	42	12
0	19	9
11	49	4
9	19	0
3	39	7
11	6	2
10	19	12
1	20	5
6	9	13
11	41	0
9	7	5
1	21	12
10	33	9
1	37	11
4	20	0
12	19	11
13	19	4
4	14	6
11	36	5
2	39	12
7	14	3
11	20	4
4	8	7
0	7	7
13	16	12
10	28	0
2	33	5
11	9	13
9	54	8
3	7	8
5	51	11
6	21	11
10	14	13
9	54	11
5	4	12
2	46	12
12	54	1
12	30	0
11	25	5
4	20	5
0	33	5
8	8	4
4	4	11
0	28	10
8	38	4
5	21	4
10	20	9
13	7	4
13	3	7
9	14	3
10	27	11
0	33	9
6	0	2
12	41	11
9	8	12
13	14	7
3	45	4
11	21	4
3	45	2
12	6	10
7	49	11
5	14	2
4	39	9
7	18	11
3	28	9
2	25	12
0	37	9
6	21	9
1	14	12
12	27	9
3	45	10
1	38	9
1	32	12
4	42	9
5	45	4
12	49	0
13	6	11
10	39	7
3	33	10
12	21	7
13	39	12
3	8	13
4	45	11
13	14	4
6	40	4
3	13	12
12	20	13
13	54	9
10	19	13
9	47	12
12	13	11
11	51	13
11	48	9
3	21	0
10	19	2
13	9	5
7	54	3
9	42	11
5	14	12
8	39	4
12	14	7
5	31	2
4	46	11
12	7	1
0	7	8
5	9	13
4	8	1
10	45	11
7	7	0
6	39	11
9	28	11
0	38	5
3	39	12
11	42	9
7	8	5
13	26	2
12	41	13
12	36	9
5	37	4
4	19	2
8	42	4
13	12	10
5	14	13
10	7	7
2	53	12
4	33	0
5	8	1
0	33	4
7	32	11
7	8	8
12	9	5
12	32	13
11	54	1
4	33	9
13	51	9
8	14	12
3	6	11
13	39	11
4	51	11
3	27	12
3	3	9
5	11	2
2	46	5
8	28	11
5	18	12
6	30	2
4	40	12
13	3	9
3	20	11
12	54	11
4	7	10
12	26	2
4	19	9
6	11	2
10	20	11
9	28	10
3	29	12
12	9	1
8	32	11
7	32	13
11	49	9
4	18	12
12	37	9
8	14	11
11	21	7
10	38	9
5	9	6
12	0	2
2	39	11
4	21	11
7	38	0
10	33	13
6	39	7
2	28	5
13	46	10
1	9	5
8	38	11
3	33	11
3	38	7
7	28	10
9	14	8
0	42	10
12	3	1
10	45	9
7	20	5
12	49	11
9	45	13
4	7	12
13	14	5
9	20	3
13	42	11
8	8	1
10	49	12
13	39	0
11	9	1
2	31	11
11	14	12
0	44	12
0	28	9
11	21	5
13	37	10
3	7	4
10	35	12
1	18	13
13	27	9
11	8	12
4	42	11
13	51	11
4	3	12
12	28	5
2	33	4
11	9	5
12	6	13
12	46	3
0	21	9
6	39	4
3	45	0
5	49	12
4	38	5
11	16	13
0	39	7
12	31	13
9	19	10
4	7	13
11	31	12
8	3	13
2	23	5
6	39	5
1	14	4
1	21	11
5	9	0
12	5	4
1	38	3
13	30	5
12	5	6
6	43	3
9	14	0
12	27	3
0	49	12
6	25	2
4	27	5
6	20	11
0	38	3
10	28	7
4	38	0
6	18	9
2	45	3
11	24	9
0	45	10
5	9	3
8	42	11
3	28	12
12	46	2
2	49	1
9	13	12
6	14	4
